ADD   01100100 00000111 000 000
ADD   11111111 00000001 000 000
AND2  11111111 00001111 000 000
AND2  00000000 11111111 000 000
COMF  11110000 11111111 000 000
DECF  00000001 00000000 000 000
INCF  00001000 00000011 000 000
IOR   00000000 00001111 000 000
RLF   10001110 00000000 000 001
RRF   00000111 00000000 000 001
SUB   00001111 00000011 000 000
SUB   11110000 00100000 000 000
SWAPF 10101111 00000000 000 000
XOR2  11110000 11110001 000 000
CLRF  11111111 00000000 000 000
MOVF  11111111 00000000 000 000 
BCF   11111111 00000000 010 000
BSF   00000000 00000000 010 000
